# microWNOp for WordNet 3.0
#
# check info at:
# http://sentiwordnet.isti.cnr.it
#
# begin Common
# Positive-Score <tab> Negative-Score <tab> Synset
1	0	a01938508
1	0	a01375831
0.5	0	a00013662
0.25	0	a01932973
0	0	a01939596
0	0	a01937994
0	0	a01941604
0.75	0	a02038994
0	0.5	a02119716
0	0	a02392406
0.25	0.25	a02460964
0	1	a02463582
0	0	a02842042
0	0	a03094404
0.75	0	a00306663
0	1	a00364881
0	0.25	a00405179
1	0	a00510348
0	0	a00625393
0.5	0	a00707795
0	0.25	a00712419
0	1	a00807399
1	0	a01017439
0	0	a01023289
0.375	0.375	a01024597
0.375	0.375	a01025913
0	1	a01029151
0	0	n01061333
0	0.5	n01131330
0	0	n13667908
0	0	n07191279
0	0	n00136329
0	0	n13729902
0	0	n13802306
0.25	0.25	n13943968
0	1	n13990675
0	0.5	n14449126
0	1	n14540564
0	0	n01694709
0	0	n02071294
0	0	n00002452
0	0	n02872752
0	0	n02873244
0	0.5	n02873363
0	0	n02873520
0.25	0.25	n00034479
0	0	n03359137
0	0	n03781787
0	0	n03782006
0	0	n03782190
0	0.5	n03782430
0	0	n05855004
0	0	n04617289
0	0	n07289831
0	1	n04834605
0	0.75	n04885398
0	0	n04993108
0	0	n05671325
0.5	0	n05682570
0	1	n05688630
0	0	n06723908
0	0.25	n05892651
0	0	n05984182
0	0	n04424218
0	0.75	n13461162
1	0	n07289588
0.125	0.125	n04424418
0	0	n07396945
0	0	n07400552
0.375	0.375	n07480356
0.375	0.375	n07481223
1	0	n07491981
1	0	n07509996
1	0	n07528470
0	1	n07536245
0.25	0	n09771855
0	1	n10231087
0	0	n10478960
0	0	a00001740
0	0	r00031899
0	0	v01048171
0	0.5	v01068985
0	0.5	v01069090
0	0	v01238204
0	0	v01372556
1	0	v01777605
0	0.75	v01805684
0.375	0.375	v01828405
0	0	v02076676
0	0	v02184610
0	0	v02184797
0	0	v02192570
0	0.25	v02227741
0	0	v02228031
0.125	0.125	v02627934
0	1	v00402539
0	0.25	v00613393
0	1	v00614057
0	0.75	v00622384
0.25	0	v00729378
0	0.75	v00754942
0	0	v00761713
0.5	0	v00769553
0	0.25	v00925110
1	0	v00925490
0	0	v00098346
0.125	0.125	v01017826
0	0	v01018065
# end Common
# begin Group1
# Positive-Score1 <tab> Negative-Score1 <tab> Positive-Score2 <tab> Negative-Score2 <tab> Positive-Score3 <tab> Negative-Score3 <tab> Synset
1	0	1	0	1	0	a01048762
1	0	1	0	0.75	0	a01052611
1	0	1	0	1	0	a01068306
0.5	0	0.25	0	0.25	0	a01068438
0	0	0	0	0.5	0	a02368336
1	0	1	0	1	0	a01075178
0.125	0.125	0.25	0.25	0.125	0.125	a01104026
0.125	0.125	0	0	0	0	a01104460
0	0	0	0	0	0	a00011757
1	0	1	0	1	0	a01123148
1	0	1	0	1	0	a01124441
1	0	1	0	1	0	a01129977
1	0	1	0	1	0	a01134232
0.25	0.25	0	0.75	0	0.5	a00930765
0	0	0.5	0	0.25	0	a00106020
0	1	0	1	0	1	a01160031
0	1	0	1	0	1	a01161233
1	0	1	0	0.75	0	a01163083
1	0	1	0	1	0	a01166413
1	0	1	0	1	0	a01171213
0	0	0	0	0	0	a01200095
0	0	0	0	0	0	a01234030
0	0	0.5	0	0	0	a01235859
0	0	0.75	0	0	0	a01237754
0	0	0	0.75	0.125	0.125	a01247240
0.375	0.375	0.375	0.375	0.25	0.25	a01256332
0.5	0	0.375	0.375	0.75	0	a01268194
0.5	0	1	0	0.5	0	a01271961
0	0	0.5	0	0	0	a02226661
0.5	0	0.75	0	0.75	0	a01283508
1	0	1	0	1	0	a01333477
0	0.75	0	1	0	0.5	a01403632
1	0	1	0	1	0	a01459949
1	0	1	0	0.75	0	a01468420
0.25	0	0.25	0	0.25	0	a01469390
0.5	0	1	0	0.25	0	a01496976
0.5	0	1	0	0.5	0	a01497594
1	0	1	0	0.75	0	a01501821
0	1	0	1	0	0.75	a01533120
1	0	1	0	1	0	a01586752
0	0.5	0	0.5	0	0.25	a01592857
0.25	0	0.75	0	0.25	0	a01641791
0.5	0	1	0	1	0	a01661289
1	0	1	0	0.75	0	a02513101
1	0	0.75	0	0.75	0	a01687586
1	0	1	0	0.75	0	a01740892
0	0	0	0	0	0	a01783158
0.25	0.25	0.25	0.25	0.125	0.125	a00930290
0	1	0	1	0	0.75	a01804034
1	0	1	0	1	0	a01808329
1	0	1	0	1	0	a01808413
1	0	1	0	0.75	0	a01808671
1	0	1	0	0.75	0	a01816525
0.75	0	1	0	0.25	0	a01853228
0	0	0	0	0.125	0.125	a01867996
0.5	0	1	0	0.5	0	a01876261
0.5	0	1	0	0.25	0	a01892953
0.5	0	1	0	0.5	0	a01895099
0	0	0	0	0	0	a02397732
0	0	1	0	0.25	0	a01909890
0	1	0	1	0	0.5	a01911415
0	0.5	0	0	0.25	0.25	a01913715
0.5	0	1	0	0.5	0	a01977488
0	0	0	0	0	0	a01980557
0.75	0	1	0	0.5	0	a01983162
0	0.25	0	1	0	0.5	a02023287
0	0.75	0	0.875	0	0.25	a00193015
1	0	1	0	1	0	a02036934
0	0	0	0	0	0	a02056265
0.75	0	1	0	0.25	0	a01782981
0.75	0	1	0	0.5	0	a02118840
0.125	0.125	1	0	0.5	0	a02132607
0.375	0.375	1	0	0.125	0.125	a02161982
1	0	1	0	1	0	a02179279
1	0	1	0	1	0	a02226162
0	0.75	0	1	0	0.5	a02122715
0.75	0	1	0	0.5	0	a02227485
0	0.25	0	0.25	0	0.25	a02229961
0.5	0	1	0	1	0	a02273643
1	0	1	0	1	0	a00064787
0.75	0	1	0	0.5	0	a02332286
0	0	0	0	0.75	0	a02338197
0	0.5	0	1	0	0.5	a02338917
0	0.5	0	0.25	0	0.5	a02340458
0	0.5	0	1	0	0.25	a02367477
0	0	0	0	0	0	a02367604
0	1	0	1	0	0.75	a00224515
0.25	0	0	0	0.25	0	a02370083
1	0	1	0	1	0	a00228645
0.5	0	0.75	0	0.25	0	a02386418
0	0.75	0	1	0.25	0	a02456698
0	0	0	0	0	0	a01240235
0	0	0	0	0	0	a02502016
0	0.75	0	0.5	0.25	0.25	a02511800
0	0.75	0	1	0	0.5	a02527402
0	0	0	0	0	0	a02532114
0.75	0	1	0	0.25	0	a02586206
0.75	0	1	0	0.25	0	a00309021
0	0	0.25	0	0.25	0	a00311044
0	0.75	0	1	0	0.5	a00326608
0	0	0	0	0	0	a00358392
1	0	1	0	0.75	0	a00363291
0	0.5	0	1	0	0.25	a00427105
0.5	0	1	0	1	0	a00452883
0.5	0	1	0	0.5	0	a00464513
0	0.25	0	1	0	0.75	a00482059
0	0.5	0	1	0	0.75	a00483048
0.75	0	1	0	0.75	0	a00488187
0.75	0	1	0	0.75	0	a00508036
0	1	0	1	0	0.75	a00512261
0	0.25	0	1	0	0.5	a00853631
0	0.5	0	1	0	0.375	a00545600
0.5	0	1	0	0.5	0	a00562308
0.25	0	1	0	0.25	0	a00576680
0	1	0	1	0	0.75	a00580039
0	0	0	0	0	0	a00672785
0	0.75	0	1	0	0.75	a00065488
0.5	0	1	0	0.75	0	a00732960
0.5	0	1	0	0.5	0	a00751838
0	0.75	0	1	0	1	a00752392
0.5	0	0.375	0.375	0.5	0	a00445440
0.125	0.125	0.25	0.25	0.125	0.125	a00832784
0	0	0	1	0	0.25	n00107400
0	0	0	0	0	0	n10832731
0.5	0	1	0	0.25	0	n01089009
0	0	0	0	0	0	n11309613
0	0	0	0	0	0	n11326730
0	0	0	0	0	0	n11397885
0	1	0	1	0	0.75	n11417387
0	0	0	0	0	0	n11511523
0	0	0.5	0	0.25	0	n11523839
0	1	0	1	0	0.5	n01167710
0.125	0.125	0	0.75	0	0.25	n01169744
0	0	0.75	0	0.5	0	n01186192
0	0.5	0	1	0	0	n01196477
0	0.75	0	1	0.125	0.125	n01246926
0	0	0.75	0	0.25	0	n13258362
0	0	0	0	0	0	n13343774
0	0	0.75	0	0	0	n13344804
0	0	0	0	0	0	n13391967
0	0	0	0	0	0	n13395897
0	0	0	0	0	0	n13404248
0	0	0	0	0	0	n13405166
0	0	0	0	0	0	n13450206
0	0	0	0	0	0	n13661273
0	0	0	0	0	0	n13755822
0	0	0	0	0.125	0.125	n13764342
0	0	0	0	0	0	n13769033
0.125	0.125	0.25	0.25	0.25	0	n13773539
0	0	0.125	0.125	0	0	n13774404
0	0	0	0	0	0	n13809920
0	0	0	0	0	0	n13819207
0	0	0	0	0.25	0	n13854488
0	0	0	0	0	0	n00138956
0	0	0	0	0	0	n13886133
0	0	0	0	0	0	n13899404
0	0	0.25	0	0.5	0	n13946760
0	0.75	0	1	0	0.5	n13978914
0	0.75	0	1	0	0.5	n13979064
0	1	0	1	0	0.75	n13989051
0	0.5	0	1	0	0.5	n14016361
1	0	1	0	0.5	0	n14050143
0.375	0.375	1	0	0.25	0.25	n14442530
1	0	1	0	1	0	n14491625
0.5	0	1	0	0.5	0	n14496451
0	0	1	0	0.25	0	n14539826
0	0.5	0	1	0	0.75	n14550987
0	0.5	0	1	0	0.5	n14858950
0	0	0	0	0	0	n01482330
0	0	0	0	0	0	n15224486
0	0	0.25	0	0	0	n15226451
0	0	0	0	0	0	n15236859
0	0	0	0	0	0	n15287830
0	0	1	0	0.25	0	n00185307
0	0	0	0	0	0	n02121620
0	0	0	0	0	0	n02127808
0	0	0	0	0	0	n02733524
0	0	0	0	0	0	n02734217
0	0	0	0	0	0	n02778669
0	0	0	0	0	0	n02779435
0	0	0	0	0.125	0.125	n00031921
0	0	0	0	0	0	n02909053
0	0	0	1	0	0.25	n02920369
0	0	0	0	0	0	n02982599
0	0	0	0	0	0	n02983507
0	0.5	0	1	0	0	n02985606
0	0	0	0	0	0	n03014705
0	0	0	0	0	0	n03015254
0	0	0	0	0	0	n03165211
0	0	0	0	0	0	n03238586
0	0.5	0	1	0	0	n03256928
0	0	0	0	0	0	n03306207
0	0	0	0	0	0	n03602465
0	0	0	0	0	0	n03602562
0	0	0.25	0	0	0	n03608870
0	0	0	0	0	0	n03610098
0	0	0	0	0	0	n00378069
0	0	0.25	0	0	0	n00040962
0	0	0	0	0	0	n03800563
0	0	0	0.75	0	0	n03802228
0	0	0	0	0	0	n03990474
0	0	0	0	0	0	n03990834
0	0	0	0	0	0	n03991062
0	0	0.5	0	0	0	n03991646
0	0	0	0	0	0	n04023249
0.5	0	1	0	0.5	0	n04074482
0	0	0	0	0	0	n04413723
0	0	0	0	0	0	n04446521
0	0	0	0	0	0	n04472961
0	0	0	0	0	0	n04473108
0	0.5	0	1	0	0.5	n04474466
0	0	0	0	0	0	n04474843
0	0	0	1	0	0	n04474922
0	0	0.5	0	0	0	n04475032
0	0	0	0	0	0	n04515003
0	0	0	0	0	0	n04515129
0	0	0	0	0	0	n00458641
0	0	0	0.75	0	0.5	n04630378
0.5	0	1	0	0.5	0	n04633453
0.5	0	1	0	0.75	0	n04634540
0	0.5	0	1	0	0.5	n04636610
0.75	0	1	0	0.25	0	n04646548
0	0	0	0	0	0	n00471613
0.25	0	1	0	0.25	0	n04664314
0	0	0.75	0	0.125	0.125	n04764412
0	0	0	0	0	0	n04768028
0	1	0	1	0	1	n04842515
1	0	1	0	1	0	n04849241
0	0.5	0	1	0	0.5	n04887129
0.5	0	1	0	0.5	0	n04896161
0	0	0	0	0	0	n04923743
0.25	0	0.75	0	0.25	0	n04953380
0.5	0	1	0	0.25	0	n04989015
0	0	0	0	0	0	n05716577
0.5	0	1	0	0.75	0	n05005809
1	0	1	0	0.75	0	n05115804
0.5	0	1	0	0.5	0	n05138208
0	0.5	0	1	0	0.5	n05141040
0.75	0	1	0	1	0	n05142180
0.75	0	1	0	0.75	0	n05147586
0.5	0	1	0	0.75	0	n05157574
0.5	0	1	0	1	0	n05159725
0	0.5	0	1	0	0.75	n05164673
0	0.25	0	0.75	0	0.25	n05173443
0.25	0.25	1	0	0.125	0.125	n00427580
0.5	0	1	0	0.25	0	n00431005
0	0.5	0	0	0	0.5	n05302307
0	0	0	0	0	0	n05391763
0	0	0	0	0	0	n05502556
0	0	0	0	0	0	n05524615
0	0	0	0	0	0	n05552607
0	0	0	0	0	0	n05556071
0	0	0	0	0	0	n05576194
0	0	0	0	0	0	n05576573
0.5	0	1	0	0.25	0	n05615869
0.75	0	1	0	0.25	0	n05636887
0.75	0	1	0	0.25	0	n05638063
0	1	0	1	0	0.75	n05646218
0	0.75	0	1	0	0.75	n05648953
0.75	0	1	0	0.5	0	n00059127
0	0	0	0	0	0	n05818182
0	0.5	0	1	0	0.25	n05837370
0	0	0	0.25	0	0	n05854150
0	0	0	0	0	0	n05855904
0	0.5	0	1	0	0.5	n05896379
0	0.5	0	1	0	0.5	n05907251
0	0	0.25	0	0	0	n05910453
0	0	0.25	0	0	0	n05913275
0	0	0	0	0	0	n05957428
0	0	0	0	0	0	n05976948
0	0	0	0	0	0	n05999797
0	0	0	0	0	0	n06009086
0	0	0	0	0	0	n06021761
0	0	0	0	0	0	n06303888
0	0	0	0	0	0	n06316048
0	0	0	0	0	0	n06402031
0	0	0	0	0	0	n06468951
0	0	0	0	0	0	n06523641
0	0	0	0	0	0	n00651670
0	0	0	0	0	0	n06597466
0	0	0	0	0	0	n06669864
0	0	0	0	0	0	n06684798
0.5	0	1	0	0.5	0	n06686736
0.5	0	1	0	0.25	0	n06706125
0	0	0.75	0	0.75	0	n06732350
0	0	0	0	0	0	n06751974
0.125	0.125	0	0.5	0	0.25	n06761099
0	0	0	0.25	0.125	0.125	n06770875
0	0	0.75	0	0.5	0	n06773434
0.5	0	1	0	0.5	0	n06778102
0	0.25	0	0.25	0	0.25	n06821581
0	0.75	0	1	0	0.75	n06877849
0	0	0	0	0	0	n07045353
0.25	0.25	0.375	0.375	0	0.5	n07067760
0	0	0	0	0	0	n07086323
0	0	0	0	0	0	n07086518
0	0	0	0	0	0	n07154330
0	0.75	0	1	0	0.75	n07181043
0	0.75	0	1	0	0.5	n07181713
0	0	0	0	0.25	0	n07203126
0	0	0	0.25	0	0.25	n07205946
0	0	0	0	0	0	n07222823
0	0.5	0	0.5	0	0.25	n07231728
0	1	0	1	0.25	0.25	n07287730
0	0	0.25	0.25	0.125	0.125	n07300960
0	1	0	1	0	0.75	n07301336
0	0	0	0	0	0	n07323922
0	0	0	0	0	0	n07350192
0	0	0	0	0	0	n07350754
0	0	0	0	0	0	n07412310
0.25	0.25	0	0.75	0	0.5	n00740712
0	0	0	0	0	0	n07448885
0	0	0	0	0	0	n07452074
0	0.5	0	1	0	0.75	n07483622
0	0.75	0	1	0	0.5	n07508996
1	0	1	0	0.75	0	n07512039
1	0	1	0	0.75	0	n07512315
1	0	1	0	0.75	0	n07529245
0	1	0	1	0	1	n07532440
0	1	0	1	0	0.75	n07550666
0.75	0	1	0	0.75	0	n07555647
0	0	0	0	0	0	n07596684
0	0	0	0	0	0	n07609840
0	0	0	0	0	0	n07930554
0	0	0	0	0	0	n00795720
0	0	0	0	0	0	n07961016
0	0	0	0	0	0	n08101937
0	0	0	0.25	0.125	0.125	n00818466
0.5	0	1	0	0.5	0	n00822970
0	0	0	0	0	0	n08253268
0	0	0.5	0	0	0	n08256735
0.125	0.125	0	0.25	0.125	0.125	n00829378
0	0	0	0	0	0	n00845523
0	0	0	0	0	0	n08507558
0	0	0	0	0	0	n00853145
1	0	1	0	1	0	r00011093
0	0	0	0	0	0	r00207668
0	0	0	0	0	0	r00045607
0	0	0	0	0	0	r00045704
0	0	0	0	0	0	r00045897
0.75	0	1	0	0.75	0	r00472323
0.125	0.125	1	0	0.75	0	r00057388
0	0	0	0	0	0	r00069771
0	0	0	0	0	0	r00069901
0.375	0.375	0.375	0.375	0.5	0	v00105554
0	0	0	0	0	0	v01082454
0.375	0.375	0	1	0.125	0.125	v01117931
0	0	0	0	0	0	v01143614
0	0	1	0	0	0	v01155090
0	1	0	1	0	0.5	v01161290
0.75	0	1	0	0.75	0	v01183573
0.5	0	1	0	0.5	0	v01184453
0	0	0	0	0	0	v00120217
0.125	0.125	0	0.75	0	0	v01207149
0	0	0	0	0	0	v01211699
0.5	0	1	0	0.25	0	v01215421
0	1	0	1	0	1	v01327301
0	0	0	0.25	0	0.25	v01327816
0	0.25	0	1	0	0.25	v01328012
0	0	0	0	0	0	v01371454
0	0	0	0	0	0	v02232877
0	0	0.5	0	0.25	0	v01380366
0	0	0	0.75	0	0	v01401115
0	0.5	0	1	0	0.25	v01411870
0	0.5	0	1	0	0.5	v01415285
0	0	0	0	0	0	v01436015
0	0	0	0	0	0	v01439190
0	0	0	0	0	0	v01442779
0	0	0	0	0	0	v00148763
0	0.25	0	1	0	0.25	v01480149
0	0	0	0	0.25	0	v01480469
0	0.25	0	1	0	0.25	v01480770
0	0	0	0	0	0	v01481154
0.25	0.25	0	0.25	0	0.25	v00150287
0	0	0.75	0	0	0	v01505958
0	0	0	0	0	0	v01515791
0	0	0	0	0	0	v01523270
0	0	0	0	0	0	v01529491
0	0.5	0	1	0	0.25	v01561143
0	0	0	0.75	0	0	v01562733
0	0	0	0	0	0	v01575536
0	0.25	0	0.25	0	0.25	v01606931
0	1	0	1	0	1	v01619929
0.125	0.125	0	0.5	0.25	0.25	v01620688
0	0	0	0	0	0	v01632897
0	0	0	0	0	0	v01635432
0	0	0	0	0.125	0.125	v01638368
0	0	0	0	0	0	v01643657
0	0	0	0	0.125	0.125	v01690972
0.25	0	0.75	0	0.25	0	v01738107
0	0	0.375	0.375	0	0	v01773130
0	0.5	0	1	0	0.5	v01793177
0	0.75	0	1	0	0.75	v01799235
0	1	0	1	0	0.75	v01799794
0	0.75	0	1	0	0.5	v01800422
0.125	0.125	0	1	0	0.5	v01801697
0.375	0.375	0	1	0.25	0	v01803936
0.25	0.25	1	0	0.25	0	v01806505
1	0	1	0	1	0	v01816431
0	0.75	0	0.5	0	0.25	v01827232
0	0	0	0	0	0	v01892104
0	0.25	0	0.75	0	0.25	v01921204
0	0	1	0	0.25	0	v02018372
0	0.75	0	1	0	0.25	v00203213
0	0	0	0	0	0	v02034986
0	0.25	0	1	0	0.75	v02061069
0	0.5	0	1	0	0.5	v02109645
0	0	0	0	0	0	v02117955
0	0	0	0	0	0	v02138075
0	0	0	0	0	0	v02150948
0	0	0	0	0	0	v02180747
0	0	0	0	0	0	v02187922
0	0.25	0	0.25	0	0	v02189168
0	0	0	0	0	0	v02189398
0.25	0	0.5	0	0	0	v02248299
0	1	0	1	0	0.75	v02276866
0.5	0	1	0	0.75	0	v02278830
0.5	0	1	0	0.75	0	v02290461
0	0	0	0	0	0	v02346409
0	1	0	1	0	0.5	v02351239
0	0	1	0	0.25	0	v02492198
0	0.5	0	1	0	0.5	v02496185
0	0.25	0	1	0	0.5	v02502037
0	0	1	0	0	0	v02510905
0.75	0	1	0	0	0	v02534492
0.25	0	0	0.5	0.25	0	v02534936
0.25	0.25	0.75	0	0.25	0	v02535896
0	1	0	1	0	0.5	v02537407
0.5	0	1	0	0	0.5	v02543874
0	0.75	0	1	0	0.5	v02573031
0	0.75	0	1	0	1	v02576503
0	1	0	1	0	1	v02576921
0	0	1	0	0	0	v02643740
0	0	1	0	0.25	0	v02651424
0	0.25	0	1	0	0.5	v02667698
0.75	0	1	0	0.5	0	v02671880
0.75	0	1	0	0.5	0	v02702830
0	0	0	0	0	0	v02713372
0	0	0	0	0	0	v02732798
0	0	0	0	0.125	0.125	v02761134
0	0	0	0	0	0	v02766687
0.5	0	1	0	0.25	0	v00296178
0.25	0	0.75	0	0.25	0	v00298067
0.125	0.125	1	0	0.5	0	v00299580
0	0.5	0	1	0.25	0.25	v00032981
0	0	0	0.25	0	0	v00003431
0	0.5	0.375	0.375	0	0.5	v00363493
0	0	0.375	0.375	0.25	0.25	v00364064
0	0	0	0.25	0	0.25	v00387310
0	0.5	0	0.75	0	0.25	v00460357
0	0	0	0	0.25	0	v00464321
0	0	0	0	0	0	v00469904
0.25	0.25	0.375	0.375	0.25	0.25	v00470084
0.125	0.125	0.25	0	0.125	0.125	v00482893
0	0	0	0	0	0	v00519056
0	0.25	0	1	0	0.5	v00520019
0.125	0.125	0	1	0	0.25	v00520357
0	0	1	0	0	0	v00527572
0	0	1	0	0	0	v00527801
0	0	0.75	0	0	0	v00527935
0.125	0.125	0.25	0.25	0.125	0.125	v00542668
0	0	0.375	0.375	0	0	v00543016
0	0	1	0	0	0	v00589904
0	0.25	0	1	0	0.25	v00599835
0	0	0.75	0	0	0	v00623151
0	0	0	0	0	0	v00692329
0	0	0	0	0	0	v00699334
0	0	0	0	0	0	v00706243
0	0	0.25	0	0.25	0	v00711715
0	0.25	0	0.5	0	0.5	v00725748
0	0	0	0	0.125	0.125	v00726009
0	0	0.25	0	0.25	0	v00729642
0	0	0	0	0	0	v00734587
0	0	0.25	0.25	0.125	0.125	v00743223
0	0.25	0	1	0	0	v00076400
0.125	0.125	0.375	0.375	0.25	0.25	v00770141
0	0	0.25	0.25	0.125	0.125	v00778275
0.25	0	0.5	0	0	0	v00080929
0.5	0	1	0	0.5	0	v00081725
# end Group1
# begin Group2
# Positive-Score4 <tab> Negative-Score4 <tab> Positive-Score5 <tab> Negative-Score5 <tab> Synset
0	1	0	1	v01243102
0	1	0	1	v01070538
1	0	1	0	a01076145
0	0	0	0	a01106129
0	0	0	0	a01107206
0	1	0	1	a01117477
0	1	0	1	a01127782
1	0	1	0	a00359645
0	1	0	1	a01133017
0	1	0	1	a01139067
1	0	1	0	a01993693
0	1	0	1	a01230387
0	0	0	0	a01236964
0	0	0	0	a01272718
1	0	1	0	a01285136
0.5	0	0.5	0	a01286093
0.5	0	0.5	0	a01307690
0	1	0	1	a01308894
0	0	0	0	a00122626
0.25	0	0.13	0.13	a01406418
0	1	0	1	a01407909
0	1	0	1	a01466956
0	1	0	1	a01463869
1	0	0.75	0	a01511152
0	0.25	0.13	0.13	a01554412
0	0	0	0	a01564315
0.25	0.25	0.38	0.38	a01580306
1	0	1	0	a01586194
0.5	0	0.13	0.13	a01591394
0	0	0	0	a01606214
0.75	0	1	0	a01664015
1	0	1	0	a01676517
0	1	0	1	a01712753
0	0.75	0	0.75	a00163480
0.75	0	0.5	0	a01822563
1	0	0.75	0	a01119192
0.25	0	0.25	0	a01863970
1	0	1	0	a01898722
0	0.5	0	0.75	a01926376
0.38	0.38	0.38	0.38	a01989446
1	0	1	0	a01021120
0	0.75	0	0.75	a02017372
0	1	0	1	a00193480
0	1	0	1	a02035765
0	1	0	1	a00194357
0	0	0	0	a00198383
0	0	0	0	a02102484
0	0	0.25	0.25	a02103481
1	0	1	0	a02105990
0	1	0	1	a00205696
0	0	0	0	a02183512
0	0	0	0	a02196107
0	0	0	0	a02268133
0	1	0	1	a00936740
0	1	0	1	a02275892
0	0.75	0	0.75	a02292573
0	1	0	1	a00220956
1	0	0.75	0	a00223802
1	0	1	0	a02339791
0.5	0	0.5	0	a01931517
0	1	0	1	a02466111
0	0	0	0	a02519555
0	0	0.75	0	a02521183
0	0.25	0	0.75	a02525058
1	0	1	0	a02569130
1	0	1	0	a02584981
0	0	0	0	a02719009
0	0	0	0	a02725829
0	0	0	0	a02930083
0	0	0	0	a02961258
0.25	0	0	0	a03096141
0	0.5	0	0.5	a00346847
0.13	0.13	0	0.25	a00348018
0	0	0.13	0.13	a00357556
0	0	0	0	v00651991
1	0	1	0	a00362467
0	0	0	0	a00380312
0	0.25	0	0.25	a00416164
0	0.75	0	1	a00452773
1	0	1	0	a00477284
0.5	0	1	0	a00525453
0.25	0	0.25	0	a00533452
0	0.25	0.13	0.13	a01309220
0	1	0	1	a00584626
0	1	0	1	a00601032
1	0	0.75	0	a00631798
0	0	0	0	a00669021
0	0.25	0	0.25	a00669138
1	0	1	0	a00758459
0.5	0	0.5	0	a00068180
0.25	0	0.25	0	a00813915
0	0.25	0	0.25	a00830981
0	0.75	0	0.75	a00831225
0	0.75	0	0.75	a00842704
0.25	0	0	0	a00844719
0	0.25	0	0.25	a00849108
1	0	1	0	a00852197
0.75	0	0.5	0	a00894029
0.25	0.25	0.38	0.38	a00903668
0.25	0	0.25	0	a00914421
1	0	1	0	a00977372
1	0	1	0	a00811421
0	0.25	0	0.75	a00984624
0	1	0	1	a00997036
0	0	0.25	0	a01022064
0.5	0	0.25	0.25	a01024073
0.25	0	0.5	0	a01026262
1	0	1	0	a01028163
0.25	0	0.75	0	n10759151
0	0	0.5	0	n10759331
0	0.25	0.38	0.38	n10792506
0	0	0	0	n10975796
0	0	0	0	n01099436
0	0	0	0	n01124794
0.5	0	0.25	0	n01129532
0	0	0	0	n11393124
0	0	0	0	n11393315
0	0.75	0	0.75	n11518494
0.75	0	0.75	0	n01151407
0	0.25	0	0.5	n01182654
0	0	0	0	n12144117
0	0	0	0	n12143676
0	0	0	0	n12144580
0	1	0	1	n01260731
0	0	0	0	n00131090
0	0	0	0	n13127843
0	0	0	0	n13134947
0	0	0	0	n13275495
0	0	0	0	n13277886
0	0	0	0	n13286801
0	0	0	0	n13318584
0	0	0	0	n13333237
0	0	0	0	n13375891
0	0	0	0	n13384164
0	0	0	0	n13403146
0	0	0	0	n05733583
0	0	0	0	n13750415
0	0	0.13	0.13	n13776971
0	0.25	0	0.5	n13857676
0	0	0	0	n13861050
0	0	0	0	n13873502
0	0	0	0	n13873917
0.75	0	0.75	0	n13971561
0	1	0	1	n13978344
0.13	0.13	0	0	n07338114
0.38	0.38	0.38	0.38	n14037011
0	0.75	0	1	n14076126
0	0.5	0	1	n14126660
0	1	0	1	n14213199
0	0.5	0	0.75	n14364802
0	1	0	1	n14365741
0	1	0	1	n14408086
0.25	0	0	0	n14432271
0	1	0	1	n14448910
0	1	0	1	n14449022
1	0	1	0	n14459824
0	0.75	0	1	n14464005
0	1	0	1	n14464203
1	0	1	0	n14474052
0	1	0	1	n14477342
1	0	1	0	n14489699
1	0	1	0	n14538472
1	0	1	0	n14546844
0	0	0	0	n04647185
0	0	0	0	n14941230
0	0	0	0	n14996020
0	0	0	0	n15093735
0	0	0	0	n00188620
0	0	0	0	n00196485
0	0	0	0	n00198919
0	0	0	0	n00023271
0	1	0	1	n00220522
0	1	0	1	n00223983
0	0	0	0	n02577164
0	0	0	0	n02666943
0.5	0	0.25	0	n00282050
0	1	0	1	n02804772
0	0	0	0	n00295172
0	0	0	0	n02991048
0	0	0.13	0.13	n02991302
0	0	0	0	n02991555
0	0	0	0	n02991711
0	0	0	0	n02992529
0	0	0	0	n03032811
0	0	0	0	n03033019
0	0	0	0	n03088164
0	0	0	0	n03114379
0.25	0	0.5	0	n03464467
0.13	0.13	0.13	0.13	n00364260
0	0	0	0	n03721797
0	0	0	0	n03722007
0	0	0	0	n03819217
0	0	0	0	n03819336
0	0	0	0	n03819595
0	0	0	0	n03827107
0	0	0	0	n03879116
0	1	0	1	n04036494
0	0	0	0	n04120266
0	0	0	0	n09834378
0	0	0	0	n04127904
0	0	0	0	n04188179
0	0	0	0	n04188368
0	0	0	0	n04188643
0	0	0	0	n04210723
1	0	0.75	0	n00431552
0	0	0	0	n04295881
0	0	0	0	n04350905
0	0	0	0	n10673946
0	0	0	0	n00442437
0	0	0	0	n04465933
0	0	0	0	n04612722
0	0.75	0	0.5	n04627809
0	0.75	0	1	n04692157
0	1	0	1	n04709253
1	0	1	0	n04806804
1	0	1	0	n04814238
1	0	1	0	n04857738
0	0	0	0	n04922113
0	0	0	0	n04931733
0.25	0	1	0	n04952570
0.25	0	0.25	0	n04955160
0	0	0	0	n04970059
0.75	0	1	0	n05031849
0	0	0	0	n08358594
0.38	0.38	0.25	0.25	n05104548
0	0	0	0	n05143077
0	0	0	0	n00874067
0	0.75	0	1	n05154241
1	0	1	0	n05159948
0	1	0	1	n05162642
0.75	0	0.5	0	n05192451
0	0	0	0	n05578442
1	0	1	0	n05619743
0	1	0	0.75	n05629381
0.5	0	0.5	0	n05682950
0	1	0	1	n00623862
0	0	0	0	n05731062
0	0	0	0	n06148148
0	0	0	0	n00620424
0	0	0	0	n06255777
0	0	0	0	n06267893
0	0	0	0	n06295235
0	0.5	0	0.75	n06542830
0.5	0	0.5	0	n06691989
0	1	0	1	n07431683
0	1	0	1	n06715927
0	0.25	0	0.5	n06611147
0	0	0	0	n06868844
0.5	0	0.75	0	n07151122
0.13	0.13	0.13	0.13	n07164349
0	1	0	1	n07170467
0.75	0	0.75	0	n07188685
0	0	0	0	n07197021
0	0	0	0	n07206887
0	0	0	0	n07221094
0	0	0	0	n07270179
0.13	0.13	0.13	0.13	n07294550
0	1	0	1	n00736786
1	0	1	0	n07357388
0	1	0	1	n00735936
0	1	0	1	n07420671
0	1	0	1	n07427060
0	0	0	0	n07443761
1	0	0.38	0.38	n07481375
0	1	0	1	n07496755
0	1	0	1	n07502980
0	0.75	0	1	n07532276
0	1	0	1	n07533877
0	0	0	0	n07584727
0	0	0	0	n07731952
0	0	0	0	n07901587
0	0	0	0	n07906877
0	0	0	0	n07968702
0	0	0	0	n08050678
0	0	0	0	n08240169
0	1	0	1	n09369169
0	1	0	1	n08582837
1	0	1	0	n08643729
1	0	0.75	0	n08643933
0	0	0	0	n08684769
0	0	0	0	n08717209
0.13	0.13	0.13	0.13	n00088725
0	0	0	0	n08896831
0	0	0	0	n08897065
0	0	0	0	n08954611
0.13	0.13	0.13	0.13	n00091234
0	0	0	0	n00901476
0	0	0	0	n00091503
0	0	0	0	n09078231
0	0	0	0	n09079505
0	0	0	0	n09173623
0	0	0	0	n09179606
0	0	0	0	n09229709
0.25	0	0.25	0	n09238143
1	0	1	0	n00093483
0	0.25	0	0.25	n09267490
0	0	0	0	n09303528
0	0	0	0	n09376198
0	0	0	0	n09432060
0	0	0	0	n09442341
0	1	0	1	n00947719
0.25	0	0.5	0	n09774266
0	1	0	1	n09815188
0	0	0	0	n09841696
0	1	0	1	n09842823
0	1	0	1	n09900153
1	0	1	0	n09900981
0	0	0	0	n09984659
0	0	0	0	n13654889
0	0	0	0	n09989502
0	0	0	0	n09990415
0.25	0.25	0.25	0.25	n10153414
0	0	0	0	n10235549
0	1	0	1	n10256537
0	0	0	0	n10319796
0	0	0	0	n10373525
0	0	0	0	n10373639
0	0	0	0	n01036996
0	0	0	0	n10518602
0	0	0	0	n10523076
0	0	0	0	n10542608
0	0	0	0	n10542761
0	0	0	0	n10542888
1	0	1	0	n10586557
0	1	0	1	n10586674
0	1	0	1	n10615334
0	0	0	0	n07188570
0	0	0	0	r09179606
0	0	0	0	r00116588
0.25	0	0.25	0	r00116705
0	0	0	0	r00116994
0	0	0	0	r00507927
0	0	0	0	r00117082
0	0	0	0	r00117620
0	0	0	0	r00118363
0	0	0	0	r00121135
0	0	0	0	r00138410
0.38	0.38	0	0	r00146594
0	0	0	0	r00146763
0	0	0	0	r00146926
0	0	0	0	r00147126
0	0	0	0	r00147272
0	0	0	0	r00037641
0.25	0	0.25	0	r00116510
0	0	0	0	r00053952
0	0	0	0	r00073897
0	0	0	0	r00083541
0	0	0	0.25	v01096097
0	0.75	1	0	v01110517
0.75	0	0.75	0	v01111028
0	0	0	0	n01179155
0.5	0	0.38	0.38	v01182293
0	0	0.25	0	v01202728
0	0.75	0	1	v01207527
0	0	0	0	v01245637
0	0	0	0	v01300437
0	0	0	0	v01338501
0	0.25	0	0.25	v01339294
0	0	0	0	v01383393
0	0.25	0	0.25	v01419473
0.25	0	0.25	0	v01424948
0	0.5	0	0.5	v01463340
0	0	0	0	v01510827
0	0	0	0	v01522716
0	0	0	0	v00154388
0	0	0	0	v01529766
0	0	0	0	v00158222
0.25	0	0.25	0	v01582070
0	0.25	0	0.5	v01582200
0	0	0	0	v01652731
0	0	0	0	v01652895
0	0.25	0	0.5	v01721754
0	0	0	0	v01737617
0	1	0	1	v01770501
0	1	0	1	v01774799
0	1	0	1	v01792567
0	1	0	1	v01794969
0	1	0	1	v01795888
0.38	0.38	0	1	v01809321
1	0	1	0	v01817938
0	1	0	1	v01819387
1	0	1	0	n01821423
0	0	0	0	v01911339
0	0	0	0	v01992503
0	0	0	0	v01993926
0	0	0	0	v01994288
0	0	0	0	v02044278
0.75	0	0	1	v02166861
0	1	0	1	v02206920
0.13	0.13	0.13	0.13	v02222318
0	0	0	0	v02262601
0	0	0	0	v02283949
1	0	1	0	v02342800
0	1	0	1	v02345856
0	0	0	0	v02395996
1	0	1	0	v02397637
0	0	0.25	0	v02416278
0	1	0	1	v02416751
1	0	1	0	v02418421
0.25	0	0.75	0	v02424984
0.75	0	0.75	0	v02425112
0.5	0	0.5	0	v02447793
1	0	1	0	v00024279
1	0	1	0	v00248659
0	1	0	1	v02482425
0	0	0	0	v02518161
0	0	0.25	0	v02539788
0.25	0	0.25	0	v02540569
1	0	1	0	v02551144
0.75	0	1	0	v02554422
1	0	0.75	0	v02554922
0.75	0	0.5	0	v02556817
0	0.5	0	0.75	v02584097
0	1	0	1	v00259755
0	0	0	0	v02654947
0	0	0	0	v02678438
0.13	0.13	0.13	0.13	v02678663
0	0	0.25	0	v02699941
0	0	0.13	0.13	v02724258
1	0	0.5	0	v02735282
0	0	0	0.25	v02749768
0	0.25	0	0.25	v02758262
0	0	0	0	v00285088
0	0	0	0	v00289297
0.75	0	0.5	0	v00310386
0	0	0	0	v00035603
0	0	0	0	v00037919
0.13	0.13	0.25	0.25	v00400883
0.25	0	0.25	0	v00401688
0	0.25	0	0.25	v00401906
1	0	1	0	v00473799
1	0	1	0	v00474017
1	0	0.5	0	v00474492
0.25	0	0.25	0	v00474762
0	0	0	0	v00497061
1	0	1	0	v00518395
0	0	0	0	n00528225
0	1	0	1	v00548750
0.5	0	0.75	0	v00558371
1	0	1	0	v00064095
0	0	0	0	v00677966
0	1	0	0.75	v00751131
0	0.75	0	1	v00756076
0	1	0	1	v00796976
0	0.75	0	0.5	v00826509
0	1	0	1	v00838043
0	0.75	0	1	v00841986
0	0.75	0	0.75	v00852922
1	0	0.5	0	v00853633
0	1	0	1	v00854420
0	0	0	0	v00875806
0.25	0	0.25	0	v00880102
0.75	0	0.38	0.38	v00883635
0	1	0	1	v00087988
0.13	0.13	0.13	0.13	v00885925
0.5	0	0.25	0	v00887142
0.5	0	0.75	0	v00887463
1	0	0.75	0	v00904046
0	0.25	0	0.75	v00908099
0.5	0	0.5	0	v00908351
0.13	0.13	0	0.25	v00936330
0	0.25	0	1	v00093979
0	0	0	0	v00980453
0	0	0	0	v00997794
0	0	0	0	v01008288
0.13	0.13	0.25	0.25	v01013367
0.13	0.13	0.13	0.13	v01014609
0	0	0	0	n01029642
# end Group2
